1948 12.92117
1949 12.58192
1950 12.85892
1951 13.12767
1952 13.04233
1953 13.04742
1954 12.87650
1955 12.17208
1956 12.75708
1957 13.38542
1958 14.35592
1959 13.64908
1960 13.18575
1961 13.10400
1962 12.87575
1963 13.43133
1964 12.44525
1965 12.78125
1966 12.84642
1967 13.12017
1968 13.02067
1969 12.93517
1970 12.88333
1971 12.18150
1972 12.51708
1973 12.53617
1974 12.55758
1975 12.05458
1976 12.56358
1977 13.04242
1978 13.06292
1979 13.14192
1980 12.94175
1981 13.18608
1982 12.70058
1983 13.46708
1984 12.74625
1985 12.41758
1986 13.04417
1987 13.07517
1988 12.60167
1989 12.74667
1990 13.01867
1991 12.48283
1992 13.78267
1993 13.11692
1994 13.09975
1995 13.60125
1996 13.32742
1997 13.89975
1998 13.48492
1999 12.32833
2000 12.78708
2001 12.58575
2002 12.56967
2003 13.41483
2004 13.47767
2005 13.23675
2006 12.97358
2007 12.77283
2008 12.18883
2009 12.59383
2010 12.68733
2011 12.43492
2012 12.58967
2013 12.73350