1948 4.12375
1949 3.828
1950 3.44658333333333
1951 3.82133333333333
1952 3.83491666666667
1953 4.07191666666667
1954 3.383
1955 3.69041666666667
1956 3.08808333333333
1957 3.77816666666667
1958 3.60558333333333
1959 3.275
1960 3.11583333333333
1961 3.452
1962 3.23283333333333
1963 3.26658333333333
1964 3.054
1965 2.96833333333333
1966 3.25791666666667
1967 3.34216666666667
1968 3.12275
1969 2.49866666666667
1970 3.04241666666667
1971 3.21975
1972 2.47408333333333
1973 3.25175
1974 2.75533333333333
1975 3.39966666666667
1976 2.54475
1977 3.38875
1978 3.105
1979 3.14141666666667
1980 2.966
1981 3.79316666666667
1982 3.20941666666667
1983 3.75183333333333
1984 3.151
1985 2.71933333333333
1986 3.2545
1987 3.21216666666667
1988 3.50625
1989 3.629
1990 3.6355
1991 3.37975
1992 3.23058333333333
1993 2.98141666666667
1994 3.25358333333333
1995 3.74266666666667
1996 2.8755
1997 3.80683333333333
1998 3.90141666666667
1999 3.65375
2000 3.5205
2001 3.70716666666667
2002 3.64616666666667
2003 3.61541666666667
2004 3.761
2005 3.98216666666667
2006 3.97608333333333
2007 4.04075
2008 3.9045
2009 3.49116666666667
2010 3.81433333333333
2011 3.67041666666667
2012 3.73708333333333
2013 3.84391666666667
2014 3.85258333333333
